             NaN	0.000	             NaN
0.247	0.247	0.247
0.000	0.005	             NaN
             NaN	0.000	             NaN
             NaN	0.743	             NaN
             NaN	0.000	             NaN
0.000	0.658	             NaN
0.658	0.658	0.658
             NaN	0.743	             NaN
0.820	0.000	             NaN
0.622	0.622	0.622
0.000	0.489	             NaN
             NaN	0.289	             NaN
             NaN	0.008	             NaN
0.000	0.289	0.289
0.000	0.389	0.389
             NaN	0.289	             NaN
0.000	0.000	0.000
0.080	0.413	0.000
0.130	0.463	0.130
             NaN	0.130	             NaN
0.000	0.040	0.000
             NaN	0.336	0.336
             NaN	             NaN	             NaN
0.336	0.336	0.336
0.000	0.503	0.503
0.000	0.586	0.000
0.000	0.419	0.419
             NaN	             NaN	             NaN
0.336	0.336	0.336
0.000	0.419	0.000
0.000	0.586	0.000
0.000	0.000	             NaN
0.000	0.000	0.000
             NaN	0.000	             NaN
0.000	0.000	             NaN
0.255	0.000	0.000
0.000	0.000	0.000
