             NaN	1.000	             NaN
0.497	0.497	0.497
0.005	0.172	             NaN
             NaN	0.493	             NaN
             NaN	0.910	             NaN
             NaN	1.000	             NaN
0.658	             Inf	             NaN
0.908	0.908	0.908
             NaN	0.910	             NaN
             Inf	0.820	             NaN
0.788	0.788	0.788
0.489	0.656	             NaN
             NaN	0.456	             NaN
             NaN	0.175	             NaN
0.289	0.456	0.456
0.389	0.556	0.556
             NaN	0.456	             NaN
0.289	0.289	0.289
0.413	0.580	0.080
0.463	0.630	0.463
             NaN	0.297	             NaN
0.040	0.207	0.040
             NaN	             Inf	             Inf
             NaN	             NaN	             NaN
             Inf	             Inf	             Inf
0.503	0.669	0.669
0.586	             Inf	0.586
0.419	0.586	0.586
             NaN	             NaN	             NaN
0.503	0.503	0.503
0.419	0.586	0.419
0.586	0.753	0.586
0.253	0.253	             NaN
0.419	0.419	0.419
             NaN	0.253	             NaN
0.253	0.253	             NaN
0.421	0.255	0.255
0.255	0.255	0.255
